# "CreateBonds.num_bonds" "Frame" "Timestep"
1792 0 0 
2091 1 100 
1971 2 200 
1980 3 300 
1975 4 400 
1963 5 500 
1955 6 600 
1958 7 700 
1947 8 800 
1943 9 900 
1944 10 1000 
1939 11 1100 
1931 12 1200 
1928 13 1300 
1931 14 1400 
1922 15 1500 
1916 16 1600 
1918 17 1700 
1930 18 1800 
1924 19 1900 
1940 20 2000 
1953 21 2100 
1954 22 2200 
1948 23 2300 
1959 24 2400 
1928 25 2500 
1933 26 2600 
1939 27 2700 
1964 28 2800 
1946 29 2900 
1948 30 3000 
1934 31 3100 
1936 32 3200 
1930 33 3300 
1947 34 3400 
1924 35 3500 
1925 36 3600 
1911 37 3700 
1919 38 3800 
1884 39 3900 
1921 40 4000 
1908 41 4100 
1911 42 4200 
1904 43 4300 
1888 44 4400 
1896 45 4500 
1871 46 4600 
1869 47 4700 
1854 48 4800 
1853 49 4900 
1863 50 5000 
1848 51 5100 
1832 52 5200 
1842 53 5300 
1841 54 5400 
1827 55 5500 
1835 56 5600 
1835 57 5700 
1845 58 5800 
1817 59 5900 
1834 60 6000 
1823 61 6100 
1821 62 6200 
1845 63 6300 
1834 64 6400 
1824 65 6500 
1801 66 6600 
1800 67 6700 
1844 68 6800 
1800 69 6900 
1812 70 7000 
1814 71 7100 
1770 72 7200 
1789 73 7300 
1810 74 7400 
1786 75 7500 
1803 76 7600 
1800 77 7700 
1819 78 7800 
1777 79 7900 
1816 80 8000 
1806 81 8100 
1814 82 8200 
1814 83 8300 
1770 84 8400 
1815 85 8500 
1780 86 8600 
1785 87 8700 
1773 88 8800 
1793 89 8900 
1784 90 9000 
1800 91 9100 
1807 92 9200 
1784 93 9300 
1799 94 9400 
1792 95 9500 
1787 96 9600 
1766 97 9700 
1778 98 9800 
1767 99 9900 
1783 100 10000 
1781 101 10100 
1730 102 10200 
1786 103 10300 
1769 104 10400 
1759 105 10500 
1742 106 10600 
1775 107 10700 
1733 108 10800 
1734 109 10900 
1767 110 11000 
1768 111 11100 
1753 112 11200 
1770 113 11300 
1764 114 11400 
1725 115 11500 
1756 116 11600 
1731 117 11700 
1746 118 11800 
1756 119 11900 
1750 120 12000 
1757 121 12100 
1770 122 12200 
1754 123 12300 
1780 124 12400 
1715 125 12500 
1732 126 12600 
1769 127 12700 
1754 128 12800 
1735 129 12900 
1743 130 13000 
1725 131 13100 
1730 132 13200 
1735 133 13300 
1741 134 13400 
1704 135 13500 
1732 136 13600 
1735 137 13700 
1695 138 13800 
1731 139 13900 
1689 140 14000 
1723 141 14100 
1703 142 14200 
1731 143 14300 
1683 144 14400 
1715 145 14500 
1724 146 14600 
1708 147 14700 
1702 148 14800 
1723 149 14900 
1708 150 15000 
1701 151 15100 
1680 152 15200 
1695 153 15300 
1700 154 15400 
1686 155 15500 
1715 156 15600 
1698 157 15700 
1687 158 15800 
1677 159 15900 
1661 160 16000 
1658 161 16100 
1640 162 16200 
1671 163 16300 
1666 164 16400 
1676 165 16500 
1656 166 16600 
1668 167 16700 
1659 168 16800 
1639 169 16900 
1652 170 17000 
1661 171 17100 
1649 172 17200 
1643 173 17300 
1654 174 17400 
1647 175 17500 
1670 176 17600 
1640 177 17700 
1643 178 17800 
1656 179 17900 
1629 180 18000 
1669 181 18100 
1674 182 18200 
1632 183 18300 
1648 184 18400 
1645 185 18500 
1644 186 18600 
1658 187 18700 
1639 188 18800 
1641 189 18900 
1615 190 19000 
1652 191 19100 
1619 192 19200 
1653 193 19300 
1648 194 19400 
1644 195 19500 
1659 196 19600 
1647 197 19700 
1637 198 19800 
1645 199 19900 
1623 200 20000 
1673 201 20100 
1637 202 20200 
1651 203 20300 
1619 204 20400 
1632 205 20500 
1616 206 20600 
1624 207 20700 
1619 208 20800 
1604 209 20900 
1619 210 21000 
1625 211 21100 
1613 212 21200 
1611 213 21300 
1624 214 21400 
1593 215 21500 
1591 216 21600 
1627 217 21700 
1632 218 21800 
1621 219 21900 
1632 220 22000 
1594 221 22100 
1609 222 22200 
1598 223 22300 
1578 224 22400 
1580 225 22500 
1566 226 22600 
1603 227 22700 
1580 228 22800 
1575 229 22900 
1583 230 23000 
1579 231 23100 
1575 232 23200 
1583 233 23300 
1580 234 23400 
1571 235 23500 
1586 236 23600 
1620 237 23700 
1549 238 23800 
1563 239 23900 
1585 240 24000 
1569 241 24100 
1584 242 24200 
1567 243 24300 
1570 244 24400 
1594 245 24500 
1579 246 24600 
1567 247 24700 
1566 248 24800 
1539 249 24900 
1533 250 25000 
1556 251 25100 
1570 252 25200 
1551 253 25300 
1547 254 25400 
1586 255 25500 
1551 256 25600 
1556 257 25700 
1562 258 25800 
1543 259 25900 
1568 260 26000 
1593 261 26100 
1566 262 26200 
1553 263 26300 
1552 264 26400 
1549 265 26500 
1570 266 26600 
1551 267 26700 
1537 268 26800 
1555 269 26900 
1565 270 27000 
1543 271 27100 
1530 272 27200 
1560 273 27300 
1552 274 27400 
1531 275 27500 
1519 276 27600 
1526 277 27700 
1535 278 27800 
1509 279 27900 
1538 280 28000 
1542 281 28100 
1562 282 28200 
1553 283 28300 
1518 284 28400 
1512 285 28500 
1554 286 28600 
1550 287 28700 
1525 288 28800 
1536 289 28900 
1533 290 29000 
1543 291 29100 
1564 292 29200 
1534 293 29300 
1532 294 29400 
1520 295 29500 
1525 296 29600 
1560 297 29700 
1526 298 29800 
1558 299 29900 
1523 300 30000 
1539 301 30100 
1512 302 30200 
1546 303 30300 
1500 304 30400 
1525 305 30500 
1517 306 30600 
1521 307 30700 
1503 308 30800 
1506 309 30900 
1522 310 31000 
1478 311 31100 
1498 312 31200 
1494 313 31300 
1478 314 31400 
1519 315 31500 
1492 316 31600 
1500 317 31700 
1496 318 31800 
1487 319 31900 
1464 320 32000 
1478 321 32100 
1507 322 32200 
1479 323 32300 
1516 324 32400 
1496 325 32500 
1483 326 32600 
1512 327 32700 
1499 328 32800 
1475 329 32900 
1510 330 33000 
1475 331 33100 
1489 332 33200 
1500 333 33300 
1493 334 33400 
1475 335 33500 
1468 336 33600 
1455 337 33700 
1470 338 33800 
1469 339 33900 
1470 340 34000 
1467 341 34100 
1457 342 34200 
1458 343 34300 
1474 344 34400 
1453 345 34500 
1467 346 34600 
1468 347 34700 
1455 348 34800 
1456 349 34900 
1454 350 35000 
1429 351 35100 
1462 352 35200 
1448 353 35300 
1452 354 35400 
1437 355 35500 
1472 356 35600 
1436 357 35700 
1453 358 35800 
1397 359 35900 
1469 360 36000 
1436 361 36100 
1440 362 36200 
1453 363 36300 
1418 364 36400 
1435 365 36500 
1442 366 36600 
1442 367 36700 
1472 368 36800 
1455 369 36900 
1471 370 37000 
1446 371 37100 
1449 372 37200 
1430 373 37300 
1447 374 37400 
1421 375 37500 
1435 376 37600 
1432 377 37700 
1426 378 37800 
1405 379 37900 
1416 380 38000 
1445 381 38100 
1440 382 38200 
1460 383 38300 
1430 384 38400 
1415 385 38500 
1390 386 38600 
1433 387 38700 
1424 388 38800 
1398 389 38900 
1448 390 39000 
1419 391 39100 
1449 392 39200 
1422 393 39300 
1420 394 39400 
1420 395 39500 
1417 396 39600 
1415 397 39700 
1405 398 39800 
1397 399 39900 
1383 400 40000 
1382 401 40100 
1399 402 40200 
1366 403 40300 
1406 404 40400 
1397 405 40500 
1416 406 40600 
1393 407 40700 
1376 408 40800 
1429 409 40900 
1394 410 41000 
1404 411 41100 
1374 412 41200 
1379 413 41300 
1361 414 41400 
1385 415 41500 
1387 416 41600 
1373 417 41700 
1398 418 41800 
1374 419 41900 
1378 420 42000 
1395 421 42100 
1392 422 42200 
1383 423 42300 
1400 424 42400 
1395 425 42500 
1403 426 42600 
1399 427 42700 
1380 428 42800 
1364 429 42900 
1383 430 43000 
1405 431 43100 
1364 432 43200 
1347 433 43300 
1374 434 43400 
1371 435 43500 
1345 436 43600 
1340 437 43700 
1344 438 43800 
1340 439 43900 
1343 440 44000 
1303 441 44100 
1335 442 44200 
1337 443 44300 
1338 444 44400 
1358 445 44500 
1354 446 44600 
1331 447 44700 
1328 448 44800 
1306 449 44900 
1335 450 45000 
1315 451 45100 
1323 452 45200 
1324 453 45300 
1322 454 45400 
1313 455 45500 
1278 456 45600 
1287 457 45700 
1296 458 45800 
1308 459 45900 
1313 460 46000 
1310 461 46100 
1290 462 46200 
1296 463 46300 
1309 464 46400 
1316 465 46500 
1267 466 46600 
1314 467 46700 
1274 468 46800 
1295 469 46900 
1289 470 47000 
1265 471 47100 
1284 472 47200 
1278 473 47300 
1246 474 47400 
1257 475 47500 
1275 476 47600 
1286 477 47700 
1280 478 47800 
1248 479 47900 
1282 480 48000 
1283 481 48100 
1241 482 48200 
1245 483 48300 
1234 484 48400 
1249 485 48500 
1243 486 48600 
1238 487 48700 
1253 488 48800 
1238 489 48900 
1225 490 49000 
1238 491 49100 
1254 492 49200 
1240 493 49300 
1216 494 49400 
1232 495 49500 
1237 496 49600 
1233 497 49700 
1229 498 49800 
1224 499 49900 
1235 500 50000 
1230 501 50100 
1234 502 50200 
1242 503 50300 
1214 504 50400 
1227 505 50500 
1205 506 50600 
1238 507 50700 
1231 508 50800 
1223 509 50900 
1248 510 51000 
1218 511 51100 
1233 512 51200 
1241 513 51300 
1233 514 51400 
1217 515 51500 
1225 516 51600 
1230 517 51700 
1232 518 51800 
1203 519 51900 
1261 520 52000 
1229 521 52100 
1220 522 52200 
1213 523 52300 
1239 524 52400 
1217 525 52500 
1208 526 52600 
1212 527 52700 
1204 528 52800 
1210 529 52900 
1192 530 53000 
1235 531 53100 
1239 532 53200 
1217 533 53300 
1219 534 53400 
1255 535 53500 
1188 536 53600 
1226 537 53700 
1226 538 53800 
1227 539 53900 
1213 540 54000 
1233 541 54100 
1252 542 54200 
1230 543 54300 
1230 544 54400 
1203 545 54500 
1214 546 54600 
1254 547 54700 
1232 548 54800 
1227 549 54900 
1231 550 55000 
1216 551 55100 
1226 552 55200 
1211 553 55300 
1214 554 55400 
1226 555 55500 
1223 556 55600 
1214 557 55700 
1237 558 55800 
1212 559 55900 
1222 560 56000 
1218 561 56100 
1210 562 56200 
1217 563 56300 
1209 564 56400 
1215 565 56500 
1215 566 56600 
1219 567 56700 
1233 568 56800 
1234 569 56900 
1225 570 57000 
1236 571 57100 
1229 572 57200 
1244 573 57300 
1228 574 57400 
1222 575 57500 
1212 576 57600 
1214 577 57700 
1213 578 57800 
1223 579 57900 
1221 580 58000 
1219 581 58100 
1236 582 58200 
1219 583 58300 
1203 584 58400 
1231 585 58500 
1215 586 58600 
1222 587 58700 
1229 588 58800 
1212 589 58900 
1234 590 59000 
1225 591 59100 
1209 592 59200 
1199 593 59300 
1229 594 59400 
1245 595 59500 
1184 596 59600 
1223 597 59700 
1236 598 59800 
1207 599 59900 
1209 600 60000 
1219 601 60100 
1215 602 60200 
1225 603 60300 
1203 604 60400 
1190 605 60500 
1216 606 60600 
1200 607 60700 
1223 608 60800 
1206 609 60900 
1225 610 61000 
1200 611 61100 
1203 612 61200 
1192 613 61300 
1224 614 61400 
1194 615 61500 
1197 616 61600 
1217 617 61700 
1202 618 61800 
1213 619 61900 
1223 620 62000 
1206 621 62100 
1217 622 62200 
1196 623 62300 
1191 624 62400 
1186 625 62500 
1213 626 62600 
1198 627 62700 
1228 628 62800 
1208 629 62900 
1238 630 63000 
1198 631 63100 
1194 632 63200 
1204 633 63300 
1216 634 63400 
1205 635 63500 
1203 636 63600 
1208 637 63700 
1213 638 63800 
1218 639 63900 
1216 640 64000 
1211 641 64100 
1230 642 64200 
1234 643 64300 
1206 644 64400 
1226 645 64500 
1211 646 64600 
1200 647 64700 
1232 648 64800 
1203 649 64900 
1205 650 65000 
1182 651 65100 
1214 652 65200 
1212 653 65300 
1207 654 65400 
1219 655 65500 
1182 656 65600 
1227 657 65700 
1220 658 65800 
1208 659 65900 
1188 660 66000 
1210 661 66100 
1195 662 66200 
1206 663 66300 
1214 664 66400 
1178 665 66500 
1198 666 66600 
1201 667 66700 
1211 668 66800 
1198 669 66900 
1194 670 67000 
1214 671 67100 
1209 672 67200 
1223 673 67300 
1187 674 67400 
1195 675 67500 
1193 676 67600 
1210 677 67700 
1199 678 67800 
1195 679 67900 
1224 680 68000 
1208 681 68100 
1261 682 68200 
1205 683 68300 
1200 684 68400 
1208 685 68500 
1222 686 68600 
1198 687 68700 
1205 688 68800 
1198 689 68900 
1201 690 69000 
1198 691 69100 
1209 692 69200 
1207 693 69300 
1199 694 69400 
1200 695 69500 
1193 696 69600 
1206 697 69700 
1189 698 69800 
1190 699 69900 
1203 700 70000 
1206 701 70100 
1208 702 70200 
1186 703 70300 
1187 704 70400 
1181 705 70500 
1219 706 70600 
1193 707 70700 
1214 708 70800 
1216 709 70900 
1202 710 71000 
1189 711 71100 
1202 712 71200 
1204 713 71300 
1220 714 71400 
1201 715 71500 
1223 716 71600 
1195 717 71700 
1205 718 71800 
1217 719 71900 
1193 720 72000 
1206 721 72100 
1225 722 72200 
1187 723 72300 
1193 724 72400 
1204 725 72500 
1207 726 72600 
1213 727 72700 
1208 728 72800 
1211 729 72900 
1187 730 73000 
1207 731 73100 
1184 732 73200 
1186 733 73300 
1190 734 73400 
1195 735 73500 
1189 736 73600 
1231 737 73700 
1202 738 73800 
1189 739 73900 
1209 740 74000 
1214 741 74100 
1197 742 74200 
1207 743 74300 
1198 744 74400 
1185 745 74500 
1222 746 74600 
1204 747 74700 
1225 748 74800 
1199 749 74900 
1197 750 75000 
1219 751 75100 
1204 752 75200 
1196 753 75300 
1214 754 75400 
1208 755 75500 
1226 756 75600 
1193 757 75700 
1189 758 75800 
1216 759 75900 
1198 760 76000 
1205 761 76100 
1204 762 76200 
1219 763 76300 
1200 764 76400 
1224 765 76500 
1216 766 76600 
1217 767 76700 
1189 768 76800 
1197 769 76900 
1210 770 77000 
1213 771 77100 
1212 772 77200 
1218 773 77300 
1194 774 77400 
1202 775 77500 
1204 776 77600 
1220 777 77700 
1214 778 77800 
1197 779 77900 
1196 780 78000 
1187 781 78100 
1189 782 78200 
1193 783 78300 
1198 784 78400 
1173 785 78500 
1201 786 78600 
1175 787 78700 
1226 788 78800 
1197 789 78900 
1195 790 79000 
1206 791 79100 
1205 792 79200 
1195 793 79300 
1211 794 79400 
1200 795 79500 
1204 796 79600 
1205 797 79700 
1190 798 79800 
1206 799 79900 
1206 800 80000 
1182 801 80100 
1203 802 80200 
1193 803 80300 
1191 804 80400 
1190 805 80500 
1192 806 80600 
1184 807 80700 
1201 808 80800 
1219 809 80900 
1218 810 81000 
1197 811 81100 
1182 812 81200 
1195 813 81300 
1205 814 81400 
1191 815 81500 
1201 816 81600 
1179 817 81700 
1191 818 81800 
1197 819 81900 
1188 820 82000 
1190 821 82100 
1185 822 82200 
1197 823 82300 
1201 824 82400 
1201 825 82500 
1198 826 82600 
1188 827 82700 
1192 828 82800 
1213 829 82900 
1197 830 83000 
1200 831 83100 
1215 832 83200 
1186 833 83300 
1201 834 83400 
1193 835 83500 
1194 836 83600 
1199 837 83700 
1196 838 83800 
1217 839 83900 
1193 840 84000 
1188 841 84100 
1204 842 84200 
1198 843 84300 
1187 844 84400 
1183 845 84500 
1203 846 84600 
1218 847 84700 
1201 848 84800 
1204 849 84900 
1212 850 85000 
1193 851 85100 
1202 852 85200 
1199 853 85300 
1189 854 85400 
1225 855 85500 
1197 856 85600 
1202 857 85700 
1196 858 85800 
1189 859 85900 
1188 860 86000 
1209 861 86100 
1193 862 86200 
1187 863 86300 
1194 864 86400 
1180 865 86500 
1206 866 86600 
1190 867 86700 
1207 868 86800 
1226 869 86900 
1196 870 87000 
1193 871 87100 
1190 872 87200 
1177 873 87300 
1190 874 87400 
1193 875 87500 
1210 876 87600 
1204 877 87700 
1181 878 87800 
1179 879 87900 
1206 880 88000 
1200 881 88100 
1186 882 88200 
1189 883 88300 
1205 884 88400 
1212 885 88500 
1208 886 88600 
1202 887 88700 
1195 888 88800 
1189 889 88900 
1186 890 89000 
1208 891 89100 
1187 892 89200 
1206 893 89300 
1188 894 89400 
1213 895 89500 
1184 896 89600 
1200 897 89700 
1192 898 89800 
1208 899 89900 
1183 900 90000 
1190 901 90100 
1191 902 90200 
1191 903 90300 
1199 904 90400 
1178 905 90500 
1183 906 90600 
1198 907 90700 
1188 908 90800 
1186 909 90900 
1194 910 91000 
1196 911 91100 
1193 912 91200 
1180 913 91300 
1198 914 91400 
1197 915 91500 
1194 916 91600 
1195 917 91700 
1188 918 91800 
1208 919 91900 
1211 920 92000 
1187 921 92100 
1186 922 92200 
1194 923 92300 
1183 924 92400 
1203 925 92500 
1160 926 92600 
1175 927 92700 
1202 928 92800 
1180 929 92900 
1183 930 93000 
1182 931 93100 
1198 932 93200 
1196 933 93300 
1180 934 93400 
1182 935 93500 
1187 936 93600 
1221 937 93700 
1225 938 93800 
1192 939 93900 
1179 940 94000 
1196 941 94100 
1200 942 94200 
1173 943 94300 
1195 944 94400 
1209 945 94500 
1193 946 94600 
1198 947 94700 
1173 948 94800 
1169 949 94900 
1196 950 95000 
1200 951 95100 
1162 952 95200 
1182 953 95300 
1194 954 95400 
1190 955 95500 
1193 956 95600 
1173 957 95700 
1203 958 95800 
1180 959 95900 
1184 960 96000 
1186 961 96100 
1184 962 96200 
1193 963 96300 
1174 964 96400 
1194 965 96500 
1182 966 96600 
1167 967 96700 
1198 968 96800 
1194 969 96900 
1190 970 97000 
1209 971 97100 
1187 972 97200 
1203 973 97300 
1207 974 97400 
1184 975 97500 
1176 976 97600 
1192 977 97700 
1188 978 97800 
1205 979 97900 
1188 980 98000 
1215 981 98100 
1207 982 98200 
1196 983 98300 
1193 984 98400 
1201 985 98500 
1186 986 98600 
1185 987 98700 
1187 988 98800 
1183 989 98900 
1180 990 99000 
1171 991 99100 
1166 992 99200 
1191 993 99300 
1182 994 99400 
1189 995 99500 
1173 996 99600 
1190 997 99700 
1192 998 99800 
1190 999 99900 
1209 1000 100000 
